0 14 999 999 999 5 999 
14 0 8 999 999 999 7 
999 8 0 6 999 999 999 
999 999 6 0 11 999 9 
999 999 999 11 0 13 12 
5 999 999 999 13 0 999 
999 7 999 9 12 999 0 
2000 6000 5000 5000 3000 4000 5000 
2000 6000 5000 5000 3000 4000 5000 
2000 6000 5000 5000 3000 4000 5000 
2000 6000 5000 5000 3000 4000 5000 
2000 6000 5000 5000 3000 4000 5000 
2000 6000 5000 5000 3000 4000 5000 
2000 6000 5000 5000 3000 4000 5000 
